corona_tweets_229.csv 197548.210879 3299450 0.0598730730513
corona_tweets_140.csv 205777.521426 3770597 0.0545742548001
corona_tweets_59.csv 180674.685903 3389090 0.0533106780591
corona_tweets_199.csv 244314.650875 4263630 0.0573020292274
corona_tweets_51.csv 150286.018438 2250019 0.0667932219408
corona_tweets_84.csv 158694.796991 3068002 0.0517257801627
corona_tweets_17.csv 34652.8788404 685560 0.0505468213438
corona_tweets_98.csv 91847.9758202 3858387 0.0238047598181
corona_tweets_225.csv 191710.216485 3256945 0.0588619754049
corona_tweets_19.csv 22908.5100393 722921 0.0316888152914
corona_tweets_89.csv 150581.549483 3837552 0.039238960015
corona_tweets_73.csv 84454.5430799 3098817 0.0272538013958
corona_tweets_86.csv 165413.198456 3378901 0.0489547336416
corona_tweets_88.csv -59804.5810895 3154328 -0.0189595315039
corona_tweets_63.csv 197803.023722 3790455 0.052184506536
corona_tweets_137.csv 230101.928539 3748433 0.0613861655094
corona_tweets_15.csv 41804.7610359 826271 0.0505944914391
corona_tweets_235.csv 110810.554151 2339099 0.0473731783697
corona_tweets_193.csv 123087.092062 2349966 0.0523782437967
corona_tweets_55.csv 116388.246468 2264472 0.0513975206884
corona_tweets_43.csv 155730.490265 2184439 0.0712908395544
corona_tweets_181.csv 211303.162821 3638935 0.05806730893
corona_tweets_127.csv 137731.661285 3661885 0.0376122301178
corona_tweets_208.csv 180134.669973 3836485 0.0469530494641
corona_tweets_115.csv 196389.53371 3746316 0.0524220417365
corona_tweets_48.csv 140193.261382 2218774 0.0631850118048
corona_tweets_46.csv 137088.612387 2266373 0.0604881069389
corona_tweets_27.csv 22560.9724651 515739 0.0437449416566
corona_tweets_210.csv 173004.493856 3530338 0.0490050793595
corona_tweets_150.csv 219752.18429 3187087 0.0689507955981
corona_tweets_168.csv 223720.34414 3742416 0.0597796568152
corona_tweets_221.csv 116034.643132 3382538 0.0343040176141
corona_tweets_176.csv 182002.563293 4032447 0.0451345208735
corona_tweets_58.csv 131867.548189 2214205 0.0595552571641
corona_tweets_71.csv 154287.207067 3446008 0.0447727361827
corona_tweets_178.csv 133334.517171 3165691 0.0421186139679
corona_tweets_09.csv 53685.4070185 1091429 0.0491881808331
corona_tweets_125.csv 206241.400057 3771150 0.0546892592598
corona_tweets_217.csv 178995.05216 3211180 0.0557412079548
corona_tweets_200.csv 195679.714391 4029468 0.0485621710835
corona_tweets_83.csv 173814.216349 2984970 0.0582298034315
corona_tweets_201.csv 147094.000152 4120708 0.035696293004
corona_tweets_171.csv 133739.533473 2736116 0.0488793360636
corona_tweets_66.csv 182551.336941 3477564 0.0524940265487
corona_tweets_60.csv 181806.759408 3530933 0.051489722237
corona_tweets_108.csv 192395.024855 4076176 0.0471998816672
corona_tweets_65.csv 230725.207902 3461470 0.0666552672425
corona_tweets_61.csv 230494.959725 3899631 0.0591068641431
corona_tweets_113.csv 151280.589367 3912560 0.038665372382
corona_tweets_20.csv 25865.5205723 554012 0.046687654008
corona_tweets_82.csv 201078.771788 3032227 0.0663138913373
corona_tweets_177.csv 182035.447897 3499620 0.0520157753977
corona_tweets_08.csv 41827.0308697 1272592 0.0328675890385
corona_tweets_44.csv 153776.499005 2223013 0.0691748086967
corona_tweets_35.csv 134965.889334 2265189 0.0595826173153
corona_tweets_06.csv 37140.1317373 1771295 0.0209677844387
corona_tweets_158.csv 216915.929479 4045201 0.0536230287391
corona_tweets_31.csv 171188.859024 2671818 0.0640720509496
corona_tweets_153.csv 193667.475748 3610316 0.0536428046044
corona_tweets_25.csv 23163.1038677 477182 0.0485414451251
corona_tweets_218.csv 206077.816474 3342926 0.0616459402554
corona_tweets_182.csv 191774.515998 3839131 0.0499525845818
corona_tweets_211.csv 155713.162642 3288065 0.0473570816399
corona_tweets_212.csv 149299.110268 3111052 0.0479899115375
corona_tweets_29.csv 18389.1747152 433368 0.0424331623822
corona_tweets_136.csv 199629.667056 3533863 0.0564904941296
corona_tweets_53.csv 120525.892777 2208264 0.0545794763566
corona_tweets_80.csv 111334.734352 3194500 0.0348520063711
corona_tweets_42.csv 142536.791698 2390703 0.0596212878381
corona_tweets_22.csv 27692.5812105 517718 0.0534897013636
corona_tweets_129.csv 164249.451996 3512553 0.0467607042503
corona_tweets_52.csv 126611.866305 2273705 0.0556852653729
corona_tweets_138.csv 186201.600819 3810246 0.0488686559394
corona_tweets_175.csv 185252.128764 3983190 0.0465084840954
corona_tweets_166.csv 259411.691609 3725303 0.069635058305
corona_tweets_163.csv 196259.198452 3850248 0.0509731317183
corona_tweets_32.csv 135151.314169 2393006 0.0564776328053
corona_tweets_91.csv 208516.136199 3688348 0.0565337479541
corona_tweets_204.csv 211433.86263 3963002 0.0533519444678
corona_tweets_26.csv 11558.1446451 288277 0.0400938841637
corona_tweets_39.csv 126193.387826 2348827 0.0537261313097
corona_tweets_227.csv 192372.570535 3500835 0.0549504819664
corona_tweets_190.csv 166942.629041 3469386 0.0481187821249
corona_tweets_169.csv 188019.584626 3833791 0.0490427320179
corona_tweets_146.csv 223552.648142 3838286 0.0582428323846
corona_tweets_194.csv 79774.1879862 2828438 0.0282043261992
corona_tweets_151.csv 135180.033607 3181939 0.0424835402586
corona_tweets_79.csv 147677.894576 3381184 0.0436763851291
corona_tweets_104.csv 156619.423934 3926862 0.039884117123
corona_tweets_109.csv 120592.372203 3827904 0.0315034996184
corona_tweets_21.csv 35383.6723679 589679 0.0600049728207
corona_tweets_102.csv 244612.617098 3743358 0.065345771657
corona_tweets_85.csv 180330.636982 3261215 0.0552955377006
corona_tweets_95.csv 150955.678567 3352643 0.0450258731892
corona_tweets_189.csv 241119.926034 3675631 0.0655996007309
corona_tweets_156.csv 239819.298006 3962927 0.0605156991298
corona_tweets_170.csv 175593.222858 3189110 0.0550602590872
corona_tweets_24.csv 28703.1570781 497655 0.0576768184346
corona_tweets_124.csv 187511.710494 3777908 0.0496337418736
corona_tweets_143.csv 142537.389923 3482091 0.0409344241499
corona_tweets_139.csv 203310.320367 3726039 0.0545647322445
corona_tweets_172.csv 137196.932531 2742674 0.0500230550663
corona_tweets_188.csv 203906.434322 3773214 0.0540405167378
corona_tweets_133.csv 249470.857019 4007131 0.0622567260764
corona_tweets_238.csv 163334.591752 3156729 0.0517417211779
corona_tweets_192.csv 154274.98998 2750782 0.0560840480925
corona_tweets_126.csv 196825.220777 3691852 0.0533134103906
corona_tweets_159.csv 240094.989558 3982835 0.0602824343861
corona_tweets_207.csv 153276.147026 3555115 0.0431142584772
corona_tweets_97.csv 136814.056093 3936238 0.0347575670202
corona_tweets_57.csv 126359.247373 2096878 0.0602606576885
corona_tweets_214.csv 250600.918981 3114902 0.0804522643027
corona_tweets_220.csv 161932.012092 3193236 0.0507109440367
corona_tweets_180.csv 144730.613737 3590356 0.040310936781
corona_tweets_49.csv 119406.925916 2164251 0.0551724018684
corona_tweets_11.csv 77025.781122 1141210 0.0674948354133
corona_tweets_110.csv 82157.2295832 3991881 0.0205810818467
corona_tweets_121.csv 174323.941476 4014323 0.0434254895473
corona_tweets_16.csv 29912.4005825 612512 0.0488356156002
corona_tweets_116.csv 221845.802295 3902393 0.0568486572969
corona_tweets_203.csv 175867.869733 4004487 0.0439177027503
corona_tweets_45.csv 139539.883932 2216553 0.0629535517228
corona_tweets_130.csv 176460.771741 3399349 0.0519101662527
corona_tweets_18.csv 29042.9635288 717301 0.0404892277144
corona_tweets_174.csv 157463.000841 3596199 0.0437859531246
corona_tweets_209.csv 236930.21811 3773010 0.0627960747813
corona_tweets_87.csv 107018.905742 3011103 0.0355414297492
corona_tweets_152.csv 196308.257153 3680958 0.05333075171
corona_tweets_100.csv 175988.478506 3941476 0.0446503996235
corona_tweets_197.csv 157100.115297 3149122 0.0498869574749
corona_tweets_206.csv 103465.565539 3725364 0.0277732767962
corona_tweets_155.csv 243749.497589 3609804 0.0675243025906
corona_tweets_205.csv 178090.006249 3876621 0.0459394937625
corona_tweets_02.csv 19772.9617746 870924 0.0227034296616
corona_tweets_165.csv 177656.752128 3494658 0.0508366633096
corona_tweets_107.csv 270432.243837 3446100 0.0784748683546
corona_tweets_67.csv 230504.804189 3656446 0.0630406695981
corona_tweets_117.csv 256813.384012 4045441 0.0634821726511
corona_tweets_10.csv 52921.6640899 1172013 0.0451545026291
corona_tweets_157.csv 243322.423276 3583818 0.0678947489176
corona_tweets_94.csv 129664.10673 3610992 0.0359081678192
corona_tweets_120.csv 118482.448589 4083573 0.0290144068904
corona_tweets_78.csv 109836.305018 2205123 0.049809604733
corona_tweets_195.csv 133119.020655 3154852 0.042195012842
corona_tweets_14.csv 26007.371416 920076 0.0282665469113
corona_tweets_40.csv 128712.950772 2212216 0.0581828134198
corona_tweets_142.csv 199743.019198 3702517 0.0539479006304
corona_tweets_92.csv 147545.10104 3673328 0.0401666012509
corona_tweets_145.csv 193209.605878 3911443 0.0493959916781
corona_tweets_183.csv 152100.610693 3661202 0.0415439002527
corona_tweets_01.csv -5125.73872347 831327 -0.00616573108231
corona_tweets_04.csv 34190.9634264 1233340 0.0277222529282
corona_tweets_96.csv 184706.878207 3730105 0.0495178763619
corona_tweets_161.csv 193026.760037 3965851 0.0486722168929
corona_tweets_167.csv 214380.602612 3665464 0.0584866206875
corona_tweets_12.csv 52378.0678053 792417 0.0660991218074
corona_tweets_37.csv 131534.189215 2338713 0.0562421251409
corona_tweets_74.csv 126163.349625 3234848 0.0390013223572
corona_tweets_77.csv 146497.54269 3256225 0.0449899938395
corona_tweets_141.csv 188062.700682 3839194 0.0489849433714
corona_tweets_93.csv 154724.572859 3634172 0.0425749174389
corona_tweets_215.csv 193520.171078 3495131 0.0553685029483
corona_tweets_05.csv 77546.7048281 1782157 0.0435128357536
corona_tweets_50.csv 126477.865313 2203686 0.0573937781122
corona_tweets_131.csv 198813.098799 3889078 0.0511208823271
corona_tweets_28.csv 13074.1439517 427088 0.0306122952451
corona_tweets_134.csv 230056.521332 3968762 0.0579668222313
corona_tweets_54.csv 127503.609557 2216845 0.0575157981531
corona_tweets_173.csv 138734.546701 3428867 0.0404607547335
corona_tweets_69.csv 279906.594646 3422960 0.0817732590057
corona_tweets_236.csv 322085.211652 3524228 0.0913917066808
corona_tweets_13.csv 49609.6303025 1029294 0.0481977261137
corona_tweets_36.csv 128804.186866 2201138 0.0585170883727
corona_tweets_106.csv 183742.316831 3563659 0.0515600164973
corona_tweets_162.csv 204552.382486 3913091 0.0522738629093
corona_tweets_81.csv 66530.3885305 2768780 0.0240287738753
corona_tweets_196.csv 130248.829385 2625574 0.0496077541081
corona_tweets_184.csv 190380.757551 3328710 0.0571935547257
corona_tweets_90.csv 214062.493004 3889262 0.0550393604247
corona_tweets_164.csv 172707.106251 3282065 0.0526214764944
corona_tweets_99.csv 157234.522263 3883506 0.0404877763195
corona_tweets_103.csv 189093.825791 3880998 0.0487229897545
corona_tweets_03.csv 34687.1165323 773729 0.0448310927111
corona_tweets_111.csv 166004.472241 4104245 0.040447018207
corona_tweets_219.csv 170672.472169 3269122 0.0522074343413
corona_tweets_118.csv 259082.395381 4130726 0.0627207893676
corona_tweets_237.csv 218518.92525 3296368 0.0662908162105
corona_tweets_213.csv 142690.447896 2936275 0.0485957370805
corona_tweets_144.csv 184110.84312 3822854 0.0481605740423
corona_tweets_30.csv 20031.8791093 392847 0.0509915542421
corona_tweets_72.csv 136221.626863 3492841 0.0390002370172
corona_tweets_149.csv 251668.674092 3683305 0.0683268624489
corona_tweets_47.csv 132110.225167 2227489 0.0593090359446
corona_tweets_222.csv 135789.262192 3339344 0.0406634543169
corona_tweets_187.csv 210793.858775 3647346 0.0577937653229
corona_tweets_68.csv 259347.048283 3474952 0.0746332750159
corona_tweets_112.csv 164749.989992 4032945 0.0408510381351
corona_tweets_135.csv 200748.471684 3867434 0.0519074072587
corona_tweets_226.csv 156439.578078 3428783 0.0456253948056
corona_tweets_23.csv 34738.7211179 601199 0.0577824000338
corona_tweets_38.csv 92665.9721924 1981835 0.0467576625665
corona_tweets_160.csv 205133.280985 3896212 0.0526494146071
corona_tweets_56.csv 131243.350907 2339709 0.056093877874
corona_tweets_202.csv 178283.90266 4250382 0.0419453834174
corona_tweets_230.csv 202723.258966 2601575 0.0779232806918
corona_tweets_119.csv 179233.05226 4106648 0.0436446104609
corona_tweets_41.csv 111760.715824 2118853 0.0527458562833
corona_tweets_33.csv 126725.019269 2227579 0.0568891245917
corona_tweets_76.csv 120587.790539 3206417 0.037608268213
corona_tweets_62.csv 221808.022684 3767009 0.0588817342045
corona_tweets_148.csv 183641.289125 3749980 0.0489712716134
corona_tweets_75.csv 108706.883203 3206132 0.033905928765
corona_tweets_234.csv 223729.746169 2998457 0.074614959017
corona_tweets_114.csv 178666.32776 4024227 0.0443976763139
corona_tweets_185.csv 113604.79327 2373557 0.0478626775217
corona_tweets_34.csv 128202.933754 2211689 0.0579660764937
corona_tweets_179.csv 98876.6979469 3172727 0.031164577963
corona_tweets_216.csv 182655.357559 3474414 0.0525715581272
corona_tweets_70.csv 231951.908959 3480999 0.0666337189291
corona_tweets_147.csv 156466.042667 3624028 0.0431746230069
corona_tweets_128.csv 176031.726101 3621819 0.0486031262471
corona_tweets_105.csv 213152.022916 4365171 0.048830165626
corona_tweets_101.csv 148794.603223 3816987 0.0389822137784
corona_tweets_228.csv 157950.208494 3371046 0.0468549549588
corona_tweets_132.csv 195503.23213 4167168 0.0469151308826
corona_tweets_64.csv 212603.263408 3582020 0.0593528968036
corona_tweets_186.csv 168020.923027 2717488 0.0618294995329
corona_tweets_191.csv 149488.501844 2943510 0.0507857971755
corona_tweets_122.csv 226589.773036 3639620 0.0622564369455
corona_tweets_123.csv 166166.931069 3600404 0.0461523015386
corona_tweets_154.csv 227166.767338 3534349 0.0642740055774
