0.0971483387111
0.128978808756
0.150082846429
0.145984128368
0.169442748757
0.199005842853
0.244004534752
0.263015610011
0.304787651522
0.323798726781
0.302607482341
0.353012993808
0.41405773088
0.479288392779
0.543908607308
0.532048486963
0.536583238859
0.451905467864
0.518095404203
0.717798901195
0.588820092439
0.677858201796
0.644632423476
0.543734193773
0.506671317694
0.515915235022
0.608441615069
0.728263713264
0.636871021191
0.72965902154
0.524374291445
0.458794802477
0.511380483125
0.62710386326
0.586639923258
0.596843115026
0.580535449551
0.491148513125
0.343071422342
0.407604430104
0.570942705154
0.586727130025
0.523240603471
0.449114851312
0.477718670969
0.302171448504
0.356937298334
0.513822272608
0.571029911921
0.46184703933
0.477457050667
0.374553065318
0.312461847039
0.302781895875
0.48146856196
0.442487137002
0.452079881399
0.44667306183
0.36434987355
0.28586378303
0.322054591436
0.411615941397
0.415278625621
0.411703148164
0.452951949071
0.34124008023
0.271823493503
0.103950466556
0.358158193076
0.448766024243
0.402720851138
0.40045347519
0.355280369757
0.259440132554
0.268073602512
0.41248800907
0.474317607046
0.446498648295
0.397488445103
0.336530914799
0.239033749019
0.320397662859
0.42260399407
0.441004621959
0.408825324845
0.367402110404
0.365221941223
0.297113456004
0.29754948984
0.586116682655
0.443969652045
0.434551321183
0.537106479463
0.367576523938
0.348914275748
0.310020057556
0.455568152089
0.451033400192
0.409784599285
0.409697392518
0.38937821575
0.273654835615
0.324670794454
0.432196738467
0.429406121915
0.441876689631
0.430365396355
0.380570332258
0.302781895875
0.333217057644
0.525071945583
0.459666870149
0.471788610796
0.461585419029
0.417894828639
0.347955001308
0.331821749368
0.487834655969
0.473707159676
0.50143891166
0.580448242784
0.490276445452
0.353361820877
0.36339059911
0.537978547135
0.603645242871
0.863085375425
0.526292840324
0.483648731142
0.319176768117
0.451295020494
0.550449114851
0.573210081102
0.523763844074
0.542164471963
0.47893956571
0.372111275835
0.376035580361
0.603470829336
0.60748234063
0.566407953257
0.549577047179
0.473358332607
0.3969652045
0.428010813639
0.560739513386
0.577047178861
0.542077265196
0.88288131159
0.466643411529
0.366181215662
0.361036016395
0.599808145112
0.589168919508
0.526554460626
0.47893956571
0.486613761228
0.335920467428
0.380047091654
0.556553588558
0.548356152437
0.513822272608
0.480945321357
0.469259614546
0.340891253161
0.367140490102
0.565623092352
0.524810325281
0.49795064097
0.515304787652
0.431237464027
0.328682305747
0.812069416587
0.430714223424
0.530827592221
0.50649690416
0.512775791401
0.425394610622
0.318217493678
0.386674805965
0.57137873899
0.50204935903
0.476061742391
0.497863434202
0.456527426528
0.322316211738
0.353361820877
0.512775791401
0.489142757478
0.585593442051
0.515915235022
0.460538937822
0.314118775617
0.341937734368
0.531525246359
0.55873375774
0.758698875033
0.433243219674
0.466817825063
0.328246271911
0.611057818087
0.504491148513
0.50649690416
0.544519054679
0.533531002006
0.420598238423
0.339583151653
0.342112147903
0.476236155926
0.523502223773
0.532397314032
0.531961280195
0.477805877736
0.291706636435
0.434376907648
0.574343769076
0.572425220197
0.513211825238
0.604168483474
0.494200749978
0.357111711869
0.488968343943
0.645504491149
0.616900671492
0.615766983518
0.658672713003
0.571901979594
0.428534054243
0.528734629807
0.664166739339
1.0
