-0.0674648861066
0.248418926467
0.490537865407
0.303334448333
0.476113613958
0.229427649403
0.359634262585
0.538212739641
0.494076588227
0.738522540662
0.723250765392
0.527375271391
0.309290065126
0.553600466351
0.534355001934
0.553078864369
0.443029561269
0.346736224131
0.510852195496
0.656569124267
0.585279598185
0.632249928712
0.631094664159
0.531136214522
0.438703746979
0.478653296293
0.33495703666
0.464299923082
0.557945092548
0.701070734715
0.617973280689
0.62247578755
0.634259700348
0.65194774755
0.640288823767
0.615396376581
0.511618222973
0.587866593818
0.636631216692
0.577140510873
0.652370877002
0.780058083425
0.75690466027
0.688832214751
0.661855535209
0.648954244303
0.691364830569
0.60369155881
0.627997661896
0.73084554788
0.609303266076
0.597203820115
0.629332794429
0.562387141625
0.613774268052
0.659366805557
0.651648375187
0.583320740965
0.563396002843
0.646742098269
0.644278746322
0.570998271411
0.649434165957
0.729336059729
0.574385012111
0.689785450865
0.816630717671
0.894755793229
0.729100279983
0.489899333416
0.426737156287
0.298208692951
0.426749031982
0.370995684361
0.411506356308
0.49227654755
0.545012305186
0.477903156811
0.381347582148
0.262920726048
0.725600754661
0.637145377259
0.565978927862
0.605038900233
0.535658381045
0.388891191991
-0.207453522781
0.42934924229
0.602235831058
0.618587287702
0.439499410939
0.465850994419
0.392904007632
0.492669136232
0.54182023906
0.380314235094
0.260469583977
0.443013680234
0.488560737567
0.426539947597
0.715007674441
0.533122659857
0.436408494507
0.534295368797
0.564165156444
0.858665093417
0.516456945399
0.344708516369
0.225196383722
0.442567708559
0.446988459005
0.423073096961
0.485795461387
0.57359736064
0.622032997977
0.69461633836
0.686285349574
0.477555481192
0.317473083107
0.475157879467
0.681204446296
0.504994415957
0.543088029278
0.598405054966
0.583350637895
0.411549707121
0.531811123922
0.511651504809
0.567996464209
0.559360189056
0.51334122741
0.68120760994
0.634267860144
0.56796627554
0.618114008166
0.67168201294
0.534716526414
0.59704249134
0.597146686304
0.535988933246
0.590293174181
0.44790086143
0.5269687567
0.540486587592
0.637287938916
0.472412919891
0.535839338075
0.747626507157
0.754453528687
0.464851153365
0.583540385084
0.586954840353
0.703280504454
0.738844967919
0.66215744653
0.742898358981
0.586738454578
0.659605084263
0.576085254551
0.53256710768
0.571976000972
0.557743514916
0.575779558185
0.556250289615
0.761940670921
0.639955449041
0.654103736393
0.536621251523
0.602464502381
0.534833387392
0.547347859921
0.442718012421
0.479102040161
0.508891734103
0.493857949618
0.569152030166
0.460858162054
0.341000065486
0.441078717589
0.635367376745
0.546576778091
0.454569695233
0.625806835247
0.523709199226
0.676532934754
0.632374286704
0.591306571465
0.717785049797
0.526511473223
0.555693716859
0.613666711449
0.573118127443
0.308609251578
0.461694111801
0.542803673438
0.545858692071
0.626993753684
0.531362996132
0.390585692077
0.458962688638
0.480543632954
0.583772274372
0.502665892026
0.303892746999
0.471752416527
0.513756129187
0.687109115936
0.536209259453
0.518177013646
0.525101382614
0.531730272313
0.88030158561
0.605837279543
0.57523335581
0.609915384877
0.674524445317
0.571249145436
0.554874680411
0.375351537464
0.444935933398
0.644062547278
0.499229048922
0.6012633308
0.512682787755
0.655125888615
0.852629669823
0.816430305625
0.518353142645
1.0
0.725348268657
0.566153353046
